pos.x, pos.y, pos.z, rot.x , rot.y, rot.z, rot.w
<<<<<<< HEAD
0.5183146,-1.665828,2.417447,0.06617342,0.03149538,-0.002089781,0.9973087
=======
6.916471,-3.029113,14.07569,0.01269829,0.5157667,-0.007645746,0.8566009
17.51172,-3.037634,16.24556,-0.008316787,0.7730161,0.01013638,0.6342509
22.7372,-2.828557,13.63961,-0.009616096,0.9002149,0.01990541,0.4348844
24.69609,-2.70574,11.92678,-0.00987637,0.9255362,0.02419798,0.3777562
29.93283,-1.669828,0.5165331,0.001309807,0.9980696,0.05783044,-0.02260537
28.87607,-0.8037858,-6.585162,0.008020359,0.9894089,0.06018694,-0.1318461
26.59064,0.03403604,-13.15817,0.01273583,0.973455,0.05595469,-0.2215679
16.57509,1.306232,-23.87107,-0.007860114,-0.8402011,-0.01218282,0.5420812
9.717861,1.448807,-26.41437,-0.002561342,-0.7904109,-0.003304987,0.6125629
-0.2706051,1.512124,-28.23022,-0.002799733,-0.7303197,-0.002993296,0.6830933
-17.87134,1.990532,-25.42015,-0.01676408,-0.5295137,-0.01046706,0.8480712
-30.72116,2.664586,-16.82299,-0.02242813,-0.4057542,-0.009960358,0.9136528
-40.72817,3.538107,-6.316252,-0.03397451,-0.3283459,-0.01181875,0.9438723
-48.39271,4.47622,5.04813,-0.02599829,-0.2226959,-0.005941072,0.9745231
-51.28448,4.770119,14.07849,0.01014951,0.001876799,-1.904961E-05,0.9999468
-51.29416,4.767374,14.27568,0.01112756,0.009965015,-0.0001108987,0.9998884
-49.77515,4.434177,21.4599,0.0358057,0.2205969,-0.008103863,0.974674
>>>>>>> Developer
